87 29
1 1 1 3 1 1 1 3 1 1 1 3 1 1 1 3 1 1 1 3 1 1 1 3 1 1 1 3 1 1 1 3 1 1 1 3 1 1 1 3 1 1 1 3 1 1 1 3 1 1 1 3 1 1 1 3 1 1 1 3 1 1 1 3 1 1 1 3 1 1 1 3 1 1 1 3 1 1 1 3 1 1 1 3 1 1 1 3 1 1 1 3 1 1 1 3 1 1 1 3 1 1 1 3 1 1 1 3 1 1 1 3 1 1 1 3 
3
3
3
0 1 2
7
7
7
4 5 6
11
11
11
8 9 10
15
15
15
12 13 14
19
19
19
16 17 18
23
23
23
20 21 22
27
27
27
24 25 26
31
31
31
28 29 30
35
35
35
32 33 34
39
39
39
36 37 38
43
43
43
40 41 42
47
47
47
44 45 46
51
51
51
48 49 50
55
55
55
52 53 54
59
59
59
56 57 58
63
63
63
60 61 62
67
67
67
64 65 66
71
71
71
68 69 70
75
75
75
72 73 74
79
79
79
76 77 78
83
83
83
80 81 82
87
87
87
84 85 86
91
91
91
88 89 90
95
95
95
92 93 94
99
99
99
96 97 98
103
103
103
100 101 102
107
107
107
104 105 106
111
111
111
108 109 110
115
115
115
112 113 114
